1588779420781015040
1588779747924144129
1588786903423545344
1588796697119186945
1588995142224351232
1589105670493982720
1589136460892233730
1589212298090262528
1589214055528812544
1589244199983284225
1589357119035568129
1589523700025790464
1589793616049807362
1589932762106134528
1590009526236897280
1590012843948408832
1590041491040133121
1590218360620359680
1590236148693368832
1590288732653248514
1591194626857537536
1591210212882620416
1591319654861049858
1591408800568844288
1591631908181626880
1592125292557975552
1592159069284229122
1592185933801324551
1592653716137484290
1592730992015716352
1592920687811125249
1593511623272046592
1593590803347263489
1594175216720445441
1594899300366041090
1595285650315558912
1595449379145515013
1595687573686403072
1595772252477263874
1595824614172549121
1595848546871382016
1596089723545849857
1596111458420641793
1596345500575289347
1596741237348134912
1596787446028435456
1597059689900306432
1597393971722194944
1597466923239100418
1597598964140109825
1597898613601947650
1597944834849140737
1597977768507367424
1598043489077714944
1598391582746705929
1598654850807406592
1598683242076348416
1598785440462606337
1598892223252164609
1598965015402655745
1599069306779668481
1599564951873814528
1599584413444366336
1599605141669580800
1599868359440404481
1599981572102320128
1600035737323593728
1600056641726009345
1600186119886237696
1600444543538634753
1600819195574620160
1600980571420733440
1601250843973799936
1601273761637998592
1601291616798461952
1601390489110196224
1601488681977925632
1601810649339699201
1601996775757430785
1602188069603782657
1602243274999144448
1602246433310388224
1602329711224688645
1602385482897395713
1602501413451567107
1602933359671664645
1603020219487756290
1603331319404138496
1603389448297025536
1603426161006092294
1603597028596281344
1603627542136725505
1603665433470574597
1603667690001821696
1603693816317239296
1603740754794450948
1603826238891532289
1603963707230257154
1603976386582294528
1604039766705844224
1604112261080940544
1604261767034466306
1604309154293637121
1604781290330685440
1604864152983732224
1605049050491138048
1605206362065350657
1605291963607142406
1605399270659457025
1605463451907735553
1605491725710958592
1605554447349858304
1605601079621668866
1606001786636144643
1606099992086994944
1606265268614729728
1606312228033961984
1607266037954924545
1607504316356501505
1607660956838158336
1607812224424284162
1608083864316006402
1608087521745068032
1608113136347000833
1608348537464721409
1608393596897746944
1608447309158797312
1608652746135334913
1608859655370940416
1608951598692335617
1608991977260912642
1609134449371017217
1609724579580375046
1609957728360726530
1610184229153046528
1610208442865831942
1610273764939563009
1610312075745665030
1610409333254418433
1610869184157872128
1610984468789039107
1611027695302746114
1611050608785559558
1611257195034972160
1611360660121681922
1611440796473118721
1611509193005215745
1611543280130445316
1611589065153085444
1611858070996647936
1612427724622110720
1613131142940725248
1613489491712552961
1613589756545306627
1613659365206298626
1613767557261021185
1614050316269522944
1614440986331222018
1614977437804429312
1615061156116238345
1615628783863869441
1616472405215674368
1616577422174072832
1617289673730314241
1619040745314304050
1619884010133676032
1621486112618467329
1621488885070012418
1621831161256312832
1621963596396625920
1621999851943727106
1622279058359975936
1622755359340232704
1622805535786672130
1622817200150310912
1623018799388626948
1623125057894592512
1623514524165996544
1623517443414016000
1623554026129461248
1623577052845572096
1623677154121908224
1623829101176885248
1623830619502575617
1624056424065114113
1624123142837764113
1624287760898195458
1624441498925248515
1624604418267320320
1624833611814825987
1625050021119856640
1625050398611623936
1625191348201574400
1625425038030807041
1626108093041115137
1626183695345528833
1626308710799753217
1626378961189220352
1626473320454713344
1626595240454033408
1626627544996020232
1626838010993029122
1626942566582059009
1627569392740597766
1627605845432504320
1627850620802678786
1627869155465785349
1627933592528773120
1627943759551012864
1628229139970007041
1628399336437547008
1628422581274435586
1628480672393469952
1628600625280831489
1628741985908723714
1628923339246030848
1629113437686050818
1629219373188612101
1629587041716666368
1629904152058028033
1630183043913904135
1630211154118164480
1630313100875550722
1630400317253898241
1631159071033249797
1631323504514588674
1631515951769481217
1631563523582050304
1632040176875630594
1632042336942186497
1632095516531077122
1632243994854924289
1632453085116133376
1632673059600584704
1632693070599708674
1632698930051039233
1632730429294772224
1632849941767892997
1632902433486544896
1633004929706074112
1633067366098808832
1633232567154659329
1633256218839089153
1633286459758194688
