1588755722929836032
1589026561721876480
1589207394961092608
1589223140370317312
1589290324740145152
1589293709539135488
1589303834584547328
1589368619825532928
1589548333143822336
1589667795322941440
1589711315408326657
1589721494992846848
1589792345167257600
1589821805975699456
1589902571476373504
1589912063195099136
1589932074206912512
1589971681044402177
1590012843948408832
1590036856338468864
1590041491040133121
1590147451754713089
1590247565593047040
1590261041870823425
1590299180664524801
1590302011828076546
1590308798237114368
1590322199017443329
1590335968913260544
1590369380734734340
1590370752276344837
1590487794350448640
1590501996255186952
1590515724216590338
1590579834136449024
1590595038480064513
1590634058106617856
1590762387040256001
1590832780048728064
1591001021966602240
1591023578933129216
1591062770493317121
1591086308935761920
1591120303760887808
1591191674037760000
1591194626857537536
1591217037019324418
1591285458700730369
1591412596413972480
1591442162092474368
1591446020839206912
1591451314055446528
1591476886722736134
1591554498140712960
1591601562421714947
1591611704252960768
1591677747751178240
1591784656370020352
1591794668165296129
1591884237531226113
1592092409206558720
1592125292557975552
1592185933801324551
1592269132019408898
1592287511447244801
1592299112896294914
1592350472182325248
1592543766648598530
1592558123755401216
1592977159899205632
1592979416421834753
1592982633453322240
1593016351484174336
1593292252775940096
1593511623272046592
1593590803347263489
1593714862496309248
1593872912242642948
1593972392745127937
1594187501819887616
1594404376713601024
1594514993088983040
1594567077955788807
1594671037953998848
1594745151297134592
1594838269069754368
1594848834491932673
1594895982684409856
1595100274653290497
1595285650315558912
1595390654716207105
1595511731660689408
1595512608299356186
1595533621758156834
1595611396733272065
1595644191983505411
1595747543841132544
1595755550737833990
1595779265336954880
1595796977895317507
1595824614172549121
1595888254360121344
1595888254355922944
1596061122599456769
1596075118978953217
1596089723545849857
1596195029910925318
1596250960958996480
1596297668749402113
1596561792461078529
1596625097070198785
1596648643926310913
1597057919895621634
1597059689900306432
1597281115609649153
1597283292432461831
1597342448883494914
1597343078024507394
1597393971722194944
1597605305931952129
1597675141089341440
1597679503148748800
1597768829249400832
1597889973331845120
1597893383317487617
1597940523083649026
1597951445068042240
1598018629408169984
1598230093633302534
1598280748267708417
1598295134726082560
1598463879956533248
1598555835889696768
1598601125975973888
1598979724818063360
1599018392114954241
1599023920199471104
1599052995118829573
1599260218923560960
1599440938862092290
1599444088817823744
1599488259037736960
1599523398912466944
1599712889144807425
1599776822954459136
1599881407903387648
1599949804439670784
1599981572102320128
1600026736359804928
1600034072205479936
1600078867338625024
1600237999265964032
1600461597587161089
1600501586081583107
1600589792294895617
1600614043777114119
1600631655659704320
1600633752811716610
1600782482831704065
1600805912209489920
1600819195574620160
1600987500419641348
1601058556111122432
1601096388737003520
1601152894400663552
1601201422506377217
1601257798146625537
1601268862703796224
1601273761637998592
1601294896752521216
1601325934615097344
1601350815213666307
1601447787526488064
1601488681977925632
1601803158321348608
1601831033674022914
1601973497378619392
1602049334581030912
1602081832073322496
1602100744169353217
1602213935872376832
1602243274999144448
1602246433310388224
1602273939593609216
1602281506084462592
1602359163635601426
1602379606681583629
1602435986494959618
1602491858823057408
1602518454921199616
1602598578723213313
1602697530717966343
1602702278670041088
1602753302395080704
1602783623014649857
1602847435143139328
1602959913789321217
1602962627528998912
1602975604709756929
1603021138036129798
1603174070765309953
1603182757181591552
1603199869929361410
1603234703645224960
1603389448297025536
1603440971089600512
1603508897842601992
1603569237129572352
1603665433470574597
1603693816317239296
1603740754794450948
1603765111109435393
1603811596572278798
1603864948118917121
1603932702939422722
1604112261080940544
1604296235850108928
1604309154293637121
1604470853093261315
1604517745420537857
1604534002546884608
1604686180276224000
1604781290330685440
1604864152983732224
1604869165172461568
1604880275896274948
1604929332459225089
1604954598942429187
1605291963607142406
1605399270659457025
1605573283943833600
1605580376532930572
1605705538758590464
1605956932740689920
1605958459484041216
1605994824103911424
1606040168716128256
1606049098376744961
1606084431201959936
1606111450920910850
1606129947776618497
1606188768699875329
1606409028401340429
1606446613559672832
1606665501710684160
1606729649358258176
1606827921900978178
1607020738279522304
1607103928079990784
1607181002635362307
1607378353006297091
1607410804365885442
1607447458388365316
1607488990369964034
1607504316356501505
1607630351001608195
1607660956838158336
1607680414218391552
1607852598765432836
1608105112672604160
1608239166818783234
1608338097858838528
1608611910404173824
1608625390909788162
1608756030875308033
1608785143556370433
1608846363617558534
1608887320987697152
1608951598692335617
1608959567882485761
1609209489684586496
1609237801244958720
1609246579923329026
1609260865705967620
1609282999048196097
1609551962982486017
1609614206441254912
1609737049220993024
1609777939486494722
1609786814646345730
1609808373389606912
1609957728360726530
1609994059413602304
1610035138423029761
1610062917281644547
1610087395244019712
1610118189844762624
1610208442865831942
1610234296572280832
1610273764939563009
1610372402407690240
1610617718855680001
1610625138571055105
1610660358158524417
1610720454146404359
1610727030806532096
1610731153794662437
1610928583882702849
1610936066533457928
1610984468789039107
1610991762696192000
1611027695302746114
1611035131812126722
1611051044984786948
1611195358419488770
1611257195034972160
1611260378482376704
1611360660121681922
1611428377172262915
1611456558688247826
1611483582593224790
1611543280130445316
1611545721206964227
1611548707555782657
1611570689886269440
1611580416489668608
1611774201727438855
1611784054118174720
1611829197420531712
1612145049503932418
1612155094853713920
1612339602261708800
1612424293677412353
1612427724622110720
1612452043175727111
1612501380769656832
1612649297111093250
1612740128958455809
1612751298377715712
1612839131322761216
1612877337208446977
1612897142737084416
1612922430166650883
1612935021483941891
1612987093751562242
1612999244670984193
1613005464836390915
1613076893825388545
1613171445995302913
1613239590881734661
1613373200435646465
1613489491712552961
1613499964856098817
1613518952482885632
1613519405488705538
1613541891144044549
1613576540264042496
1613650183862067200
1613683360811089921
1613694379247689732
1613719880632614912
1613767557261021185
1614000571840884738
1614050316269522944
1614442139772919809
1614481557850390528
1614569973745057794
1614668741236727809
1614677452785324032
1614700827666714624
1614718217225650176
1614774827772006407
1614777386293252097
1614977437804429312
1614977853044527105
1614977861454012418
1615008601499639808
1615043942709628935
1615083323004686337
1615148196300455936
1615273966716739585
1615347413170163723
1615411137247588352
1615419588757553152
1615443265586593794
1615463545055105027
1615511846680932352
1615580519999377409
1615638049093980165
1615655124088782850
1615758039750934549
1615849962079719424
1616017973332045825
1616025447598559234
1616062059669770240
1616090169869737987
1616094569707474947
1616139008354160641
1616140522527100928
1616146117707563014
1616217366349709313
1616256952203362305
1616343300344274944
1616348404787089408
1616366700366004225
1616401634728214529
1616448162134372355
1616453853813297152
1616465748855230465
1616541854467608599
1616544513681510404
1616581222234312713
1616765771614412801
1616839356479688706
1616871698761932801
1617295143077380097
1617372418942849024
1617455315158441985
1617505927841841152
1617599033018548228
1617886120519569409
1617937794344550404
1618239280937328641
1618286617822920704
1618297128757133313
1618368901695541252
1618419401119911941
1618433754044985346
1618565035722420227
1618670417614446592
1618743339796557824
1618910419879612416
1618956439803895823
1618982264150581251
1619041315731439619
1619069061052366848
1619161067300737024
1619295075305144320
1619401497409724416
1619454291093364736
1619742175557832705
1619817857558134785
1619897138321981440
1620088746703220736
1620110028589142017
1620120652782141442
1620128563205914624
1620205436434784256
1620240429504667648
1620240538548174848
1620566658267111426
1620644152219148295
1620865833793900545
1620909269976760328
1620927724930928641
1621086164760539136
1621224815893057542
1621249230928072707
1621265831991681030
1621310912362647552
1621361852163956736
1621364767209439236
1621486112618467329
1621488885070012418
1621548913927884802
1621658578212855809
1621718456109355010
1621889017464627203
1621949373486702593
1622021339384107008
1622104881510367232
1622117229528506368
1622172715988795392
1622225572603592705
1622328253376602113
1622350382507737089
1622378580805025792
1622401431373242370
1622418695157948418
1622495295740211200
1622509568944222210
1622620357302657025
1622660110911963136
1622755359340232704
1622769632577822721
1622780319647641602
1622969105291640832
1622984431265775616
1623018799388626948
1623107072689688578
1623158071252877314
1623222416074760192
1623495117121400832
1623526826076143617
1623650516105297921
1623653007492538371
1623786197624451073
1623798008788709381
1623829101176885248
1623877142709784578
1623927260477800451
1623989063543042051
1624002862786220039
1624046089312563202
1624158421128982528
1624186615244398593
1624222757574565889
1624263115155046401
1624327585827106816
1624543772813008896
1624594511337861120
1624604418267320320
1624655722997858305
1624748769437687810
1624750279395606531
1624882395773120513
1625024683317002246
1625028495951769600
1625084657703288837
1625191348201574400
1625232414640316422
1625463080388907008
1625494982252691456
1625660548196208640
1625733285832970242
1625799455168679936
1625836427945836549
1625878601697468416
1625885711013408768
1625936525031530497
1625952253671575571
1625962592614117376
1625979361428897793
1626012592920559617
1626236778482126849
1626308710799753217
1626367846287638528
1626573555914747904
1626616228763828224
1626616602044276740
1626736907286728706
1626929987885404160
1627065572931543042
1627133717788659712
1627227133343895553
1627293961189527552
1627392137267404800
1627429525293260801
1627453734807560193
1627569392740597766
1627609003755798528
1627631791388467202
1627692835305660416
1627725240489869316
1627745469597159450
1627749496146001920
1627843138160041986
1627850620802678786
1627869155465785349
1627884775036837890
1627980052829810688
1628019399612416000
1628040199165952001
1628085971622277128
1628199196825374728
1628229139970007041
1628256499414753282
1628301202310979584
1628402545071734784
1628422581274435586
1628443552777633793
1628479045007560704
1628566735304691713
1628602789537501189
1628674998683549697
1628745987278913536
1628772549810167809
1628778396678332419
1628846356994437120
1628919245579902976
1629112951150870532
1629113437686050818
1629134061066387459
1629168055891931137
1629173747570597888
1629198573647560704
1629233789040746496
1629239178725662721
1629340290791120898
1629353481902383104
1629555416634908672
1629581396162297859
1629587041716666368
1629774317360762886
1629904152058028033
1629922544064028679
1629936481769861121
1629979758594347011
1630302074058559489
1630381694548332545
1630400317253898241
1630401575553302528
1630520089786175489
1630545712801882114
1630677866936500225
1630718228702932994
1630814966126112771
1630857806772334594
1630918687103352835
1631068448913498114
1631159071033249797
1631225101969661952
1631280638761263106
1631311638858014720
1631323504514588674
1631369532806668291
1631420422297120772
1631452340958969856
1631553994114908161
1631605193988268034
1631620452853465090
1631631764916502530
1631639364995301380
1631640791050334210
1631767488374661122
1631987865507991554
1632027489106120704
1632076906383171586
1632120510354948096
1632139141449146370
1632160238823526400
1632377059178586115
1632455220037820417
1632476241876901888
1632513868969771009
1632551542212395008
1632554994120499200
1632566150981615618
1632698930051039233
1632730429294772224
1632748989090258944
1632792559499063298
1632801396897599490
1632815573657591809
1632849941767892997
1632864978356121601
1633193396536852481
1633232567154659329
1633256218839089153
1633286459758194688
