1589038792346075137
1589039211780640768
1589084707370606592
1589132266584051712
1589167033186676737
1589179020503298048
1589246406178770946
1589285887158153217
1589612514400436226
1589656307128074240
1589734744795017216
1589735994705981440
1589781590997356545
1589912063195099136
1590033618323185664
1590053562222280704
1590077910161166336
1590151713163386880
1590358685259563008
1590398124316848128
1590653586786357248
1590683852905013248
1590700336481988610
1590809338058506240
1590811544257851392
1590980419545337856
1591224028911763457
1591264252270366720
1591270090774921218
1591292236699820033
1592246533113757696
1592267978577694720
1592443606681649152
1592566910843244544
1592573298751471616
1592579795715776512
1592588419238334465
1592593133639852033
1592595201398558721
1592650964695408640
1592684410050347009
1592729419134939136
1592913758812504064
1593041148205232130
1593069300373671937
1593299383122071552
1593325295507054593
1593624995309273089
1594001773840039937
1594754101971243008
1594834406094835712
1594880916735729665
1594891779999924226
1594912235599540224
1595062601394061312
1595343594621177857
1595429825308762113
1595897930585866241
1595908693203505152
1595926053410975744
1595928024750641153
1595943531075485696
1595976888391909377
1596264684747120641
1597305836811915266
1597571659225042944
1597606098659409921
1597637392353185793
1597891047077838850
1598044583769870341
1598053068847083520
1598803429849276417
1599007512081989632
1599399624967536641
1599484224087756800
1599809811159609344
1600314603996467201
1600565003970437120
1600898937686458370
1600913890358923264
1601192211789795329
1601718617913012224
1602125977106137088
1602354554087014400
1602382597212049408
1602477669504917504
1602506295608754177
1602729726220636162
1602770947831787521
1602808222594654208
1602822449673818112
1602834416040116225
1603097738622783491
1603106622179459072
1603149274027466752
1603234703645224960
1603273287022555137
1603344002975252480
1603348750931468293
1603418229598310400
1603426832120004609
1603847436904153088
1603853187315863569
1603889530964156416
1604271397148282883
1604907312354828288
1605022794126721026
1605319453050224640
1605361102514053120
1605396812810133504
1605580477196226560
1605640275388272640
1605661813143642112
1606487185066278912
1606497393985339394
1606618861012500483
1606721726343258113
1606754018298310656
1607066267436957699
1607817114982797312
1608139942160642051
1609457347885154304
1609655939782815744
1610004163462676482
1610036551882534913
1610347957982842880
1611095584311582725
1611155181177294849
1611254401611481089
1611423796962988047
1611451831720497152
1611817918936883200
1611830162131124225
1611881999525941248
1612199202158956544
1612274477320081408
1612657719252492288
1613159509001650177
1613264089807048704
1613318204708851713
1613611516564996118
1613657226115260442
1613669985175613441
1613682857511108608
1613683566352764933
1614057677272776713
1614094465521647617
1614111595059204096
1614632972229185537
1614800681470156805
1615040549492494336
1615045821749239808
1615153346913992704
1615190156125904896
1615254891022241793
1615361321503019011
1615424307349360658
1615445744420282393
1615447417955958784
1615460772645150725
1615467986835447817
1615597599213654018
1615738674649657344
1615916504746463232
1616118292699136019
1616224735725031424
1616273897183412225
1616469494343565314
1616704920647778305
1616712965327097856
1616922982508597252
1616932558079393794
1616965953161396224
1616975910422331393
1617028498622652417
1617550483949862912
1617863995591127043
1617930353645060100
1617940336093057025
1618312110802624513
1618419787004276741
1618637261637308419
1618711723120402433
1618838844119613444
1619400004220878848
1619796378523418624
1619864225597493249
1619885167753175041
1620208334682062848
1620393500612386816
1620686397278662656
1620760942635286530
1620945005451030529
1621025137641365507
1621349357332176896
1621356315695095810
1621442886108647427
1621709455103787013
1621750332790382594
1622385904097628163
1622934506456875009
1622964709640048640
1622981335869542402
1623388187531034624
1623495117121400832
1623646992869236737
1623660796331929602
1623666269911228416
1624057250351353859
1624066498758164481
1624214876456353795
1624424134485712904
1624455126210514944
1624852075124256773
1625056807520436225
1625246373275660303
1625292506413027328
1625305466803724289
1625374987409399814
1625412518033203201
1625585071716458521
1626620238526656513
1626757857839312897
1627057050097451013
1627398101563543554
1627412966172770306
1627563663329579009
1628005394814492672
1628030929749827591
1628033165297336321
1628133669209800704
1628147103594852352
1628413706123063297
1628454407644889095
1628463031133896705
1628771480249958402
1628828736702369796
1628931832682098689
1629152474060795906
1629187639088668680
1629853241595789313
1630166795163140097
1630333120292573186
1630797178082930689
1631008759748218882
1631111172077363200
1631225101969661952
1631287077013712897
1631312414770593792
1631415338800939010
1631461379705020418
1631723586594697217
1631732965087608840
1631787474237247496
1631826049272270849
1631846861404291073
1632595402049433607
1632828429174296577
1632851820832776194
1632866207299665930
1632870217037619207
1632909186315976709
1632914198521958401
1632957232059916288
1633111372765462529
